-1432
932
1120
-2866
374
467
-1678
-2701
-897
1128
12
-3209
-2792
-993
88
-340
-2018
237
-343
794
-1911
-446
717
-1005
-1988
303
-618
561
2215
-633
-926
-2748
-151
-1285
-1054
2311
-722
-528
-2768
-208
745
725
1914
-307
379
-154
434
-374
732
-79
-219
-425
1393
-2017
182
-268
-543
-334
-307
949
-462
-205
-1948
59
-179
-2445
-589
222
-632
-177
-2013
-686
-1573
-1349
-331
372
-1003
-298
-289
-208
-1164
2600
-558
-1434
-477
-621
-1475
1343
-1148
1701
2753
-646
-317
84
-1154
3164
-920
-1289
782
-1024
909
-984
581
674
-636
162
-660
1841
202
1103
432
790
-294
683
1768
1101
535
329
1332
997
-228
-1161
-276
59
1786
510
-262
2752
-278
-736
242
179
799
-1916
-372
775
238
813
1339
703
1386
-719
1699
-1022
1958
623
-445
-235
1018
1845
-948
-1110
2077
2734
924
2404
1347
695
880
-753
427
57
542
1637
2922
65
399
1988
1139
-1497
100
5897
1890
1375
230
652
3468
3434
246
1125
-865
-1835
-2128
-1762
543
505
-1897
-440
-2057
-1453
-171
-182
-2406
108
-2325
290
-75
-1170
-677
-1047
