-1650
557
447
-3704
-19
433
-1888
-3340
-803
1053
367
-4214
-3908
-859
402
-1010
-2285
283
-1028
757
-2160
-1111
74
-1362
-2178
269
-901
214
1566
-2202
-827
-2507
579
-1584
-1107
1657
-1450
-987
-2885
-443
307
381
2147
-292
349
-241
-147
-229
469
-111
663
-687
1393
-2223
579
-536
-937
-479
-518
588
444
-917
-2555
-137
-354
-2536
-775
749
-1702
-357
-3048
-379
-2059
-457
28
353
-869
-345
-758
332
-1174
346
210
-1995
-263
-1098
-1855
1885
-1078
1353
1397
-793
-573
319
-940
111
-857
-1681
1228
-1080
2111
-1669
1546
893
-1104
544
-1219
855
393
154
-17
60
-703
-13
181
-71
222
343
606
-6
-239
-1227
-955
-635
893
736
-479
1954
-186
-1206
-71
512
66
-2048
-495
272
452
-158
396
-582
289
-757
23
-1055
968
422
-302
-334
341
1860
-169
-882
1886
1870
-380
1829
62
846
-198
-1003
1112
-252
-935
561
710
-530
1042
657
1277
-2407
-304
3801
1055
1413
-1124
-995
1422
988
-1396
790
-435
-2136
-2532
-2128
319
1216
-1725
514
-2449
-1991
50
475
-2626
461
-2690
591
236
-914
-304
-727
